Quizzes Midterms Homework Final
Gilliard, Lavett
3570
100.0 87.5 100.0
76.3 96.9 -1.0
83.3 65.5 0.0
53.0 -1.0 -1.0
Carriere, Tori
4782
90.0 87.5 85.0
80.2 88.5 -1.0
94.2 87.5 92.4
102.0 -1.0 -1.0
Commons, Core
9058
90.0 81.3 100.0
91.6 84.0 -1.0
96.1 86.0 93.4
107.0 -1.0 -1.0
Lim, Cale
9871
80.0 81.3 10.0
72.2 86.3 -1.0
66.7 72.3 60.5
72.0 -1.0 -1.0
Gershman, Jean
10843
50.0 81.3 60.0
50.4 98.5 -1.0
78.3 73.2 0.0
42.0 -1.0 -1.0
Radcliff, Trinit
10983
100.0 75.0 70.0
96.9 67.9 -1.0
91.9 84.5 82.2
101.0 -1.0 -1.0
Melchior, Lakesh
11170
90.0 81.3 90.0
68.7 72.5 -1.0
85.3 89.3 93.4
101.0 -1.0 -1.0
Smith, Joh
11211
100.0 100.0 100.0
100.0 100.0 100.0
100.0 100.0 100.0
100.0 -1.0 -1.0
Pascale, Dar
11629
90.0 87.5 100.0
85.5 84.0 -1.0
91.5 81.8 72.4
90.0 -1.0 -1.0
Degenhardt, 
11675
90.0 87.5 100.0
96.2 71.0 -1.0
100.0 86.6 92.8
108.0 -1.0 -1.0
Lichtman, Crysta
11684
90.0 81.3 100.0
95.4 92.3 -1.0
96.1 86.9 92.8
104.0 -1.0 -1.0
Start, Mar
11714
90.0 93.8 85.0
88.5 99.2 -1.0
92.2 65.6 78.3
105.0 -1.0 -1.0
Marcinkowski, Clarit
11756
100.0 81.3 100.0
99.2 87.0 -1.0
100.0 90.2 92.1
103.0 -1.0 -1.0
Rogowski, Leonor
11777
90.0 93.8 80.0
91.6 100.8 -1.0
86.1 88.1 86.1
100.0 -1.0 -1.0
Hanselman, Melod
11800
90.0 81.3 90.0
78.6 90.1 -1.0
93.0 93.5 0.0
81.0 -1.0 -1.0
Luedke, Hilto
11805
80.0 62.5 0.0
47.3 48.9 -1.0
0.0 31.8 27.6
53.0 -1.0 -1.0
Bleich, Kayleig
11811
0.0 87.5 100.0
87.8 100.8 -1.0
93.8 83.0 90.8
99.0 -1.0 -1.0
Gregorich, Deeann
11828
90.0 87.5 80.0
100.0 100.8 -1.0
100.0 77.1 96.7
101.0 -1.0 -1.0
Faison, Darwi
11836
90.0 0.0 0.0
82.4 92.4 -1.0
0.0 0.0 16.4
41.0 -1.0 -1.0
Malcom, Sammi
11884
80.0 81.3 0.0
86.3 85.5 -1.0
86.1 82.1 69.7
90.0 -1.0 -1.0
Kelch, Madalen
11929
90.0 93.8 85.0
85.5 91.6 -1.0
96.1 84.5 77.6
102.0 -1.0 -1.0
Maggio, Leom
11951
90.0 81.3 100.0
81.7 74.8 -1.0
97.7 84.2 90.8
100.0 -1.0 -1.0
Loiacono, Lexi
11952
90.0 100.0 90.0
80.2 102.3 -1.0
88.8 60.4 80.2
79.0 -1.0 -1.0
Gong, Jenniffe
11963
70.0 87.5 90.0
101.5 87.0 -1.0
82.9 71.4 78.9
97.0 -1.0 -1.0
Longoria, Ric
12016
90.0 93.8 0.0
88.9 103.8 -1.0
90.7 85.4 82.9
102.0 -1.0 -1.0
Calcagno, Dan
12052
90.0 87.5 100.0
107.6 84.0 -1.0
84.5 81.3 92.1
106.0 -1.0 -1.0
Vo, Soleda
12075
80.0 68.8 75.0
-1.0 -1.0 -1.0
88.4 82.1 74.3
84.0 -1.0 -1.0
Brunke, Eufemi
12080
90.0 75.0 100.0
84.0 82.4 -1.0
97.7 88.4 77.6
104.0 -1.0 -1.0
Rosengarten, Horac
12082
80.0 100.0 100.0
89.3 98.5 -1.0
80.6 80.4 87.5
89.0 -1.0 -1.0
Rohan, Vikk
12097
90.0 81.3 70.0
85.5 93.1 -1.0
96.1 80.9 69.7
100.0 -1.0 -1.0
Salo, Gonzal
12149
90.0 100.0 100.0
107.6 76.3 -1.0
97.5 85.4 92.1
104.0 -1.0 -1.0
Mancilla, Sara
12150
90.0 68.8 80.0
101.5 96.9 -1.0
82.6 85.7 92.8
90.0 -1.0 -1.0
Bayles, Le
12163
100.0 87.5 60.0
103.1 90.1 -1.0
94.6 82.1 92.1
93.0 -1.0 -1.0
Callison, Filibert
12178
90.0 81.3 70.0
89.3 89.3 -1.0
96.1 87.5 89.5
87.0 -1.0 -1.0
Stockstill, Elizabeth
12591
80.0 87.5 100.0
95.4 87.0 -1.0
82.9 85.4 96.7
98.0 -1.0 -1.0
Gassner, Brunild
12764
0.0 87.5 90.0
-1.0 93.1 -1.0
80.6 89.3 96.7
93.0 -1.0 -1.0
Paniagua, Dana
13085
70.0 75.0 10.0
51.9 87.8 -1.0
74.4 61.9 42.1
33.0 -1.0 -1.0
Boaz, Kathi
13115
90.0 81.3 90.0
87.0 74.0 -1.0
97.7 90.2 86.8
92.0 -1.0 -1.0
Nieto, Jerri
13120
0.0 75.0 100.0
79.4 67.9 -1.0
84.5 84.8 78.9
89.5 -1.0 -1.0
Hargett, Denic
13128
80.0 75.0 100.0
90.1 73.3 -1.0
96.1 86.3 79.6
90.0 -1.0 -1.0
McKnight, So
13147
100.0 93.8 80.0
75.2 76.3 -1.0
88.4 86.3 66.4
89.0 -1.0 -1.0
Von deHaar, Mary
15999
95.0 86.3 100.0
-1.0 -1.0 -1.0
96.1 86.9 92.8
104.0 -1.0 -1.0


